MEMORY
  total           14519 KB
  struct            159 KB
  buffer             24 KB
  arena           14336 KB, used 0.0%

SIZES
  narena                14680064
  nbuffer               24592
  nplugin               0
  maxuse_stack          984
  maxuse_arena          984
  maxuse_con            0
  maxuse_efc            0
  ncon                  0
  ne                    0
  nf                    0
  nl                    0
  nefc                  0
  nJ                    0
  nA                    0
  nisland               0
  nidof                 0
  ntree_awake           2
  nbody_awake           3
  nparent_awake         2
  nv_awake              12
  flg_energypos         0
  flg_energyvel         0
  flg_subtreevel        0
  flg_rnepost           1
  threadpool            0

TIMER
    0:  duration =  0.013      number = 1
    1:  duration =  0.012      number = 1
    2:  duration =  0          number = 0
    3:  duration =  0.0083     number = 1
    4:  duration =  0.0012     number = 1
    5:  duration =  0.0006     number = 1
    6:  duration =  0.0001     number = 1
    7:  duration =  0.0006     number = 1
    8:  duration =  0.0027     number = 1
    9:  duration =  0.0011     number = 1
    10:  duration =  0.0028     number = 1
    11:  duration =  0.0013     number = 1
    12:  duration =  0.0001     number = 1
    13:  duration =  0.0017     number = 1
    14:  duration =  0.0007     number = 1

ENERGY =   0         0       

TIME =  1.7e+02 

QPOS
  -0.14    
  -0.48    
   0.48    
   1       
  -0.0061  
   0.0018  
  -1.1e-05 
   1.4     
  -0.48    
   0.48    
   1       
  -0.0061  
   0.0018  
  -1.1e-05 

QVEL
   0.24    
  -0.072   
  -3.3e-08 
  -0.0018  
  -0.0061  
  -6.6e-06 
   0.24    
  -0.072   
  -3.3e-08 
  -0.0018  
  -0.0061  
  -6.6e-06 

QACC_WARMSTART
   0.036   
   0.12    
   1.1e-08 
   0.003   
  -0.00092 
   2.2e-05 
   0.036   
   0.12    
   1.1e-08 
   0.003   
  -0.00092 
   2.2e-05 

CTRL
   3.2     
   3.2     
   3.3     
   3.2     
   3.2     
   3.2     
   3.3     
   3.2     

QFRC_APPLIED
   0       
   0       
   0       
   0       
   0       
   0       
   0       
   0       
   0       
   0       
   0       
   0       

XFRC_APPLIED
   0         0         0         0         0         0       
   0         0         0         0         0         0       
   0         0         0         0         0         0       

QACC
   0.036   
   0.12    
   1.1e-08 
   0.003   
  -0.00092 
   2.2e-05 
   0.036   
   0.12    
   1.1e-08 
   0.003   
  -0.00092 
   2.2e-05 

SENSOR
  -0.0018  
  -0.0061  
  -6.6e-06 
   3.1e-05 
   0.0001  
   9.8     
   1       
  -0.0061  
   0.0018  
  -1.1e-05 
  -0.0018  
  -0.0061  
  -6.6e-06 
   3.1e-05 
   0.0001  
   9.8     
   1       
  -0.0061  
   0.0018  
  -1.1e-05 

TREE_ASLEEP
  -11
  -11

XPOS
   0         0         0       
  -0.14     -0.48      0.48    
   1.4      -0.48      0.48    

XQUAT
   1         0         0         0       
   1        -0.0061    0.0018   -1.1e-05 
   1        -0.0061    0.0018   -1.1e-05 

XMAT
   1         0         0         0         1         0         0         0         1       
   1        -5.7e-07   0.0037   -4.4e-05   1         0.012    -0.0037   -0.012     1       
   1        -5.7e-07   0.0037   -4.4e-05   1         0.012    -0.0037   -0.012     1       

XIPOS
   0         0         0       
  -0.14     -0.48      0.53    
   1.4      -0.48      0.53    

XIMAT
   1         0         0         0         1         0         0         0         1       
  -0.083    -1         5.7e-07   0.012    -0.001    -1         1        -0.083     0.012   
  -0.083    -1         5.7e-07   0.012    -0.001    -1         1        -0.083     0.012   

XANCHOR
  -0.14     -0.48      0.48    
   1.4      -0.48      0.48    

XAXIS
   0         0         1       
   0         0         1       

GEOM_XPOS
   0         0         0       
  -0.15     -0.48      0.54    
  -0.1      -0.48      0.5     
  -0.1      -0.48      0.54    
  -0.21     -0.48      0.55    
  -0.28     -0.47      0.55    
  -0.28     -0.66      0.53    
  -0.28     -0.3       0.53    
  -0.0042   -0.3       0.56    
  -0.0042   -0.66      0.56    
  -0.14     -0.48      0.5     
   1.4      -0.48      0.54    
   1.4      -0.48      0.5     
   1.4      -0.48      0.54    
   1.3      -0.48      0.55    
   1.2      -0.47      0.55    
   1.2      -0.66      0.53    
   1.2      -0.3       0.53    
   1.5      -0.3       0.56    
   1.5      -0.66      0.56    
   1.4      -0.48      0.5     

GEOM_XMAT
   1         0         0         0         1         0         0         0         1       
  -0.043     1        -0.0015    0.013     0.002     1         1         0.043    -0.013   
   1        -5.7e-07   0.0037   -4.4e-05   1         0.012    -0.0037   -0.012     1       
   1        -5.7e-07   0.0037   -4.4e-05   1         0.012    -0.0037   -0.012     1       
   1        -5.7e-07   0.0037   -4.4e-05   1         0.012    -0.0037   -0.012     1       
  -5.7e-07  -1         0.0037    1         4.4e-05   0.012    -0.012     0.0037    1       
   1        -5.7e-07   0.0037   -4.4e-05   1         0.012    -0.0037   -0.012     1       
   1        -5.7e-07   0.0037   -4.4e-05   1         0.012    -0.0037   -0.012     1       
   1        -5.7e-07   0.0037   -4.4e-05   1         0.012    -0.0037   -0.012     1       
   1        -5.7e-07   0.0037   -4.4e-05   1         0.012    -0.0037   -0.012     1       
   1        -5.7e-07   0.0037   -4.4e-05   1         0.012    -0.0037   -0.012     1       
  -0.043     1        -0.0015    0.013     0.002     1         1         0.043    -0.013   
   1        -5.7e-07   0.0037   -4.4e-05   1         0.012    -0.0037   -0.012     1       
   1        -5.7e-07   0.0037   -4.4e-05   1         0.012    -0.0037   -0.012     1       
   1        -5.7e-07   0.0037   -4.4e-05   1         0.012    -0.0037   -0.012     1       
  -5.7e-07  -1         0.0037    1         4.4e-05   0.012    -0.012     0.0037    1       
   1        -5.7e-07   0.0037   -4.4e-05   1         0.012    -0.0037   -0.012     1       
   1        -5.7e-07   0.0037   -4.4e-05   1         0.012    -0.0037   -0.012     1       
   1        -5.7e-07   0.0037   -4.4e-05   1         0.012    -0.0037   -0.012     1       
   1        -5.7e-07   0.0037   -4.4e-05   1         0.012    -0.0037   -0.012     1       
   1        -5.7e-07   0.0037   -4.4e-05   1         0.012    -0.0037   -0.012     1       

SITE_XPOS
   0         0         0.1     
   1.5       0         0.1     
  -0.14     -0.48      0.5     
  -0.28     -0.66      0.53    
  -0.28     -0.3       0.53    
  -0.0042   -0.3       0.56    
  -0.0042   -0.66      0.56    
   1.4      -0.48      0.5     
   1.2      -0.66      0.53    
   1.2      -0.3       0.53    
   1.5      -0.3       0.56    
   1.5      -0.66      0.56    

SITE_XMAT
   1         0         0         0         1         0         0         0         1       
   1         0         0         0         1         0         0         0         1       
   1        -5.7e-07   0.0037   -4.4e-05   1         0.012    -0.0037   -0.012     1       
   1        -5.7e-07   0.0037   -4.4e-05   1         0.012    -0.0037   -0.012     1       
   1        -5.7e-07   0.0037   -4.4e-05   1         0.012    -0.0037   -0.012     1       
   1        -5.7e-07   0.0037   -4.4e-05   1         0.012    -0.0037   -0.012     1       
   1        -5.7e-07   0.0037   -4.4e-05   1         0.012    -0.0037   -0.012     1       
   1        -5.7e-07   0.0037   -4.4e-05   1         0.012    -0.0037   -0.012     1       
   1        -5.7e-07   0.0037   -4.4e-05   1         0.012    -0.0037   -0.012     1       
   1        -5.7e-07   0.0037   -4.4e-05   1         0.012    -0.0037   -0.012     1       
   1        -5.7e-07   0.0037   -4.4e-05   1         0.012    -0.0037   -0.012     1       
   1        -5.7e-07   0.0037   -4.4e-05   1         0.012    -0.0037   -0.012     1       

CAM_XPOS
  -1.1      -0.48      0.98    
   0.36     -0.48      0.98    

CAM_XMAT
   0         0.45     -0.89     -1         0         0         0         0.89      0.45    
   0         0.45     -0.89     -1         0         0         0         0.89      0.45    

LIGHT_XPOS
   0         0         1.5     
   0        -1         2.1     
   1.5      -1         2.1     

LIGHT_XDIR
   0         0        -1       
  -0.087     0.31     -0.95    
  -0.087     0.31     -0.95    

SUBTREE_COM
   0.61     -0.48      0.53    
  -0.14     -0.48      0.53    
   1.4      -0.48      0.53    

CDOF
   0         0         0         1         0         0       
   0         0         0         0         1         0       
   0         0         0         0         0         1       
   1        -4.4e-05  -0.0037    3.1e-08  -0.054     0.00066 
  -5.7e-07   1        -0.012     0.054    -2.4e-06  -0.0002  
   0.0037    0.012     1         4.4e-17  -1.3e-17  -2.5e-21 
   0         0         0         1         0         0       
   0         0         0         0         1         0       
   0         0         0         0         0         1       
   1        -4.4e-05  -0.0037    3.1e-08  -0.054     0.00066 
  -5.7e-07   1        -0.012     0.054    -2.4e-06  -0.0002  
   0.0037    0.012     1        -1.3e-17   7.2e-17  -8.4e-19 

CINERT
   0         0         0         0         0         0         0         0         0         0       
   0.037     0.025     0.061    -2.5e-05  -0.002     0.00043   0         7.4e-17   0         1.3     
   0.037     0.025     0.061    -2.5e-05  -0.002     0.00043   0         0         0         1.3     

ACTUATOR_LENGTH
   0       
   0       
   0       
   0       
   0       
   0       
   0       
   0       

actuator_moment
--------------
 xxxxxx       |
 xxxxxx       |
 xxxxxx       |
 xxxxxx       |
       xxxxxx |
       xxxxxx |
       xxxxxx |
       xxxxxx |
--------------

ACTUATOR_MOMENT
     0:  0.0037     1:  0.012      2:  1          3: -0.18       4:  0.14       5: -0.02    
     0:  0.0037     1:  0.012      2:  1          3:  0.18       4:  0.14       5:  0.02    
     0:  0.0037     1:  0.012      2:  1          3:  0.18       4: -0.14       5: -0.02    
     0:  0.0037     1:  0.012      2:  1          3: -0.18       4: -0.14       5:  0.02    
     6:  0.0037     7:  0.012      8:  1          9: -0.18      10:  0.14      11: -0.02    
     6:  0.0037     7:  0.012      8:  1          9:  0.18      10:  0.14      11:  0.02    
     6:  0.0037     7:  0.012      8:  1          9:  0.18      10: -0.14      11: -0.02    
     6:  0.0037     7:  0.012      8:  1          9: -0.18      10: -0.14      11:  0.02    

CRB
   0         0         0         0         0         0         0         0         0         0       
   0.037     0.025     0.061    -2.5e-05  -0.002     0.00043   0         7.4e-17   0         1.3     
   0.037     0.025     0.061    -2.5e-05  -0.002     0.00043   0         0         0         1.3     

QM
   1.3     
   0         1.3     
   0         0         1.3     
   4.1e-08  -0.071     0.00087   0.041   
   0.071    -3.2e-06  -0.00026   2.4e-18   0.029   
  -1.6e-17  -1.7e-17   2.7e-19  -0.0021   -6.9e-18   0.061   
                                                               1.3     
                                                               0         1.3     
                                                               0         0         1.3     
                                                               4.1e-08  -0.071     0.00087   0.041   
                                                               0.071    -3.2e-06  -0.00026   1.1e-18   0.029   
                                                              -1.7e-17   9.6e-17  -1.1e-18  -0.0021   -6.3e-18   0.061   

M
     0:  1.3     
     0:  0          1:  1.3     
     0:  0          1:  0          2:  1.3     
     0:  4.1e-08    1: -0.071      2:  0.00087    3:  0.041   
     0:  0.071      1: -3.2e-06    2: -0.00026    3:  2.4e-18    4:  0.029   
     0: -1.6e-17    1: -1.7e-17    2:  2.7e-19    3: -0.0021     4: -6.9e-18    5:  0.061   
     6:  1.3     
     6:  0          7:  1.3     
     6:  0          7:  0          8:  1.3     
     6:  4.1e-08    7: -0.071      8:  0.00087    9:  0.041   
     6:  0.071      7: -3.2e-06    8: -0.00026    9:  1.1e-18   10:  0.029   
     6: -1.7e-17    7:  9.6e-17    8: -1.1e-18    9: -0.0021    10: -6.3e-18   11:  0.061   

QLD
     0:  1.2     
     0:  5.9e-06    1:  1.2     
     0:  0.00048    1:  0.0012     2:  1.3     
     0:  1e-06      1: -1.8        2:  0.022      3:  0.04    
     0:  2.4        1: -0.00011    2: -0.009      3:  7.3e-17    4:  0.029   
     0: -2.6e-16    1: -2.8e-16    2:  4.4e-18    3: -0.035      4: -1.1e-16    5:  0.061   
     6:  1.2     
     6:  5.9e-06    7:  1.2     
     6:  0.00048    7:  0.0012     8:  1.3     
     6:  1e-06      7: -1.8        8:  0.022      9:  0.04    
     6:  2.4        7: -0.00011    8: -0.009      9:  3e-17     10:  0.029   
     6: -2.8e-16    7:  1.6e-15    8: -1.8e-17    9: -0.035     10: -1e-16     11:  0.061   

QLDIAGINV
   0.87    
   0.83    
   0.75    
   25      
   34      
   17      
   0.87    
   0.83    
   0.75    
   25      
   34      
   17      

TREE_AWAKE
  1 1

BODY_AWAKE
  -1 1 1

BODY_AWAKE_IND
  0 1 2

PARENT_AWAKE_IND
  1 2

DOF_AWAKE_IND
  0 1 2 3 4 5 6 7 8 9 10 11

ACTUATOR_VELOCITY
  -0.00052 
  -0.0012  
   0.00052 
   0.0012  
  -0.00052 
  -0.0012  
   0.00052 
   0.0012  

CVEL
   0         0         0         0         0         0       
  -0.0018   -0.0061    7.5e-05   0.24     -0.072    -3.5e-08 
  -0.0018   -0.0061    7.5e-05   0.24     -0.072    -3.5e-08 

CDOF_DOT
   0         0         0         0         0         0       
   0         0         0         0         0         0       
   0         0         0         0         0         0       
   0         0        -0         0.00027   0.00088   0.072   
  -0         0         0         0.00088   0.0029    0.24    
   0         0         0        -0.072    -0.24      0.0032  
   0         0         0         0         0         0       
   0         0         0         0         0         0       
   0         0         0         0         0         0       
   0         0        -0         0.00027   0.00088   0.072   
  -0         0         0         0.00088   0.0029    0.24    
   0         0         0        -0.072    -0.24      0.0032  

QFRC_BIAS
  -9.8e-09 
  -3.3e-08 
   13      
   0.0086  
  -0.0026  
  -1.3e-07 
  -9.8e-09 
  -3.3e-08 
   13      
   0.0086  
  -0.0026  
  -1.3e-07 

QFRC_SPRING
   0       
   0       
   0       
   0       
   0       
   0       
   0       
   0       
   0       
   0       
   0       
   0       

QFRC_DAMPER
   0       
   0       
   0       
   0       
   0       
   0       
   0       
   0       
   0       
   0       
   0       
   0       

QFRC_GRAVCOMP
   0       
   0       
   0       
   0       
   0       
   0       
   0       
   0       
   0       
   0       
   0       
   0       

QFRC_FLUID
   0       
   0       
   0       
   0       
   0       
   0       
   0       
   0       
   0       
   0       
   0       
   0       

QFRC_PASSIVE
   0       
   0       
   0       
   0       
   0       
   0       
   0       
   0       
   0       
   0       
   0       
   0       

SUBTREE_LINVEL
   0         0         0       
   0         0         0       
   0         0         0       

SUBTREE_ANGMOM
   0         0         0       
   0         0         0       
   0         0         0       

ACTUATOR_FORCE
   3.2     
   3.2     
   3.3     
   3.2     
   3.2     
   3.2     
   3.3     
   3.2     

QFRC_ACTUATOR
   0.048   
   0.16    
   13      
   0.00011 
  -2.3e-05 
  -5.2e-06 
   0.048   
   0.16    
   13      
   0.00011 
  -2.3e-05 
  -5.2e-06 

QFRC_SMOOTH
   0.048   
   0.16    
   2.9e-06 
  -0.0084  
   0.0026  
  -5.1e-06 
   0.048   
   0.16    
   2.9e-06 
  -0.0084  
   0.0026  
  -5.1e-06 

QACC_SMOOTH
   0.036   
   0.12    
   1.1e-08 
   0.003   
  -0.00092 
   2.2e-05 
   0.036   
   0.12    
   1.1e-08 
   0.003   
  -0.00092 
   2.2e-05 

QFRC_CONSTRAINT
   0       
   0       
   0       
   0       
   0       
   0       
   0       
   0       
   0       
   0       
   0       
   0       

QFRC_INVERSE
   0       
   0       
   0       
   0       
   0       
   0       
   0       
   0       
   0       
   0       
   0       
   0       

CACC
   0         0         0        -0        -0         9.8     
   0.003    -0.00092   2.2e-05   0.036     0.12      9.8     
   0.003    -0.00092   2.2e-05   0.036     0.12      9.8     

CFRC_INT
   0.00022  -4.7e-05  -1.1e-05   0.096     0.32      26      
   0.00011  -2.3e-05  -5.3e-06   0.048     0.16      13      
   0.00011  -2.3e-05  -5.3e-06   0.048     0.16      13      

CFRC_EXT
   0         0         0         0         0         0       
   0         0         0         0         0         0       
   0         0         0         0         0         0       

